# Camera list with one line of data per camera:
#   CAMERA_ID, MODEL, WIDTH, HEIGHT, PARAMS[]
# Number of cameras: 104
181 PINHOLE 4000 2988 3846.59 3846.67 2000 1494
180 PINHOLE 4000 2989 3568.81 3569.21 2000 1494.5
139 PINHOLE 4000 3003 5838.82 5839.18 2000 1501.5
12 PINHOLE 2048 2048 1024 1024 1024 1024
134 PINHOLE 4000 3003 6401.3 6400.89 2000 1501.5
131 PINHOLE 4000 2996 4396.39 4396.55 2000 1498
4 PINHOLE 2048 2048 1024 1024 1024 1024
130 PINHOLE 4000 3002 4320.81 4320.98 2000 1501
188 PINHOLE 4000 2933 2877.8 2878.27 2000 1466.5
61 PINHOLE 2048 2048 1024 1024 1024 1024
129 PINHOLE 4000 3001 4406.76 4406.3 2000 1500.5
2 PINHOLE 2048 2048 1024 1024 1024 1024
187 PINHOLE 4000 2950 3067.75 3067.24 2000 1475
128 PINHOLE 4000 2996 4338.52 4338.14 2000 1498
1 PINHOLE 2048 2048 1024 1024 1024 1024
127 PINHOLE 4000 2949 2995.55 2995.28 2000 1474.5
126 PINHOLE 4000 2957 2304.66 2304.96 2000 1478.5
125 PINHOLE 4000 2955 2169.49 2169.46 2000 1477.5
116 PINHOLE 4000 2935 2932.84 2933.27 2000 1467.5
115 PINHOLE 4000 2929 3082.87 3082.56 2000 1464.5
114 PINHOLE 4000 2937 2988.14 2988.51 2000 1468.5
113 PINHOLE 4000 2930 2981.61 2981.46 2000 1465
112 PINHOLE 4000 2926 2977.85 2977.76 2000 1463
111 PINHOLE 4000 2903 2907.42 2907.57 2000 1451.5
110 PINHOLE 4000 2909 2900.21 2900.05 2000 1454.5
93 PINHOLE 4000 2947 2759.04 2758.87 2000 1473.5
92 PINHOLE 4000 2947 2768.23 2768.56 2000 1473.5
91 PINHOLE 4000 2945 2857.8 2857.89 2000 1472.5
90 PINHOLE 4000 2990 3079.52 3079.94 2000 1495
89 PINHOLE 4000 2984 4744.08 4744.83 2000 1492
88 PINHOLE 4000 2984 2875.82 2876.27 2000 1492
28 PINHOLE 2048 2048 1024 1024 1024 1024
87 PINHOLE 4000 2953 2802.21 2802.45 2000 1476.5
27 PINHOLE 2048 2048 1024 1024 1024 1024
86 PINHOLE 4000 2944 2610.34 2610.61 2000 1472
26 PINHOLE 2048 2048 1024 1024 1024 1024
153 PINHOLE 4000 2996 5794.4 5794.61 2000 1498
85 PINHOLE 4000 2954 2843.28 2843.46 2000 1477
25 PINHOLE 2048 2048 1024 1024 1024 1024
84 PINHOLE 4000 2961 2980 2979.79 2000 1480.5
24 PINHOLE 2048 2048 1024 1024 1024 1024
83 PINHOLE 4000 2977 2953.15 2953.17 2000 1488.5
82 PINHOLE 4000 2976 3011.6 3012.08 2000 1488
22 PINHOLE 2048 2048 1024 1024 1024 1024
32 PINHOLE 2048 2048 1024 1024 1024 1024
31 PINHOLE 2048 2048 1024 1024 1024 1024
43 PINHOLE 2048 2048 1024 1024 1024 1024
102 PINHOLE 4000 3001 2362.57 2362.32 2000 1500.5
14 PINHOLE 2048 2048 1024 1024 1024 1024
30 PINHOLE 2048 2048 1024 1024 1024 1024
50 PINHOLE 2048 2048 1024 1024 1024 1024
109 PINHOLE 4000 2903 3076.26 3076.41 2000 1451.5
49 PINHOLE 2048 2048 1024 1024 1024 1024
108 PINHOLE 4000 2903 3057.07 3056.69 2000 1451.5
62 PINHOLE 2048 2048 1024 1024 1024 1024
68 PINHOLE 2048 2048 1024 1024 1024 1024
9 PINHOLE 2048 2048 1024 1024 1024 1024
38 PINHOLE 2048 2048 1024 1024 1024 1024
97 PINHOLE 4000 2959 2934.3 2934.21 2000 1479.5
65 PINHOLE 2048 2048 1024 1024 1024 1024
6 PINHOLE 2048 2048 1024 1024 1024 1024
64 PINHOLE 2048 2048 1024 1024 1024 1024
42 PINHOLE 2048 2048 1024 1024 1024 1024
101 PINHOLE 4000 2963 3042.33 3041.98 2000 1481.5
71 PINHOLE 2048 2048 1024 1024 1024 1024
70 PINHOLE 2048 2048 1024 1024 1024 1024
11 PINHOLE 2048 2048 1024 1024 1024 1024
18 PINHOLE 2048 2048 1024 1024 1024 1024
76 PINHOLE 2048 2048 1024 1024 1024 1024
17 PINHOLE 2048 2048 1024 1024 1024 1024
75 PINHOLE 2048 2048 1024 1024 1024 1024
16 PINHOLE 2048 2048 1024 1024 1024 1024
74 PINHOLE 2048 2048 1024 1024 1024 1024
45 PINHOLE 2048 2048 1024 1024 1024 1024
104 PINHOLE 4000 3000 2221.87 2222.14 2000 1500
37 PINHOLE 2048 2048 1024 1024 1024 1024
96 PINHOLE 4000 2966 2649.94 2649.77 2000 1483
8 PINHOLE 2048 2048 1024 1024 1024 1024
66 PINHOLE 2048 2048 1024 1024 1024 1024
40 PINHOLE 2048 2048 1024 1024 1024 1024
99 PINHOLE 4000 2965 2740.23 2740.44 2000 1482.5
47 PINHOLE 2048 2048 1024 1024 1024 1024
106 PINHOLE 4000 2958 2399.23 2399.48 2000 1479
19 PINHOLE 2048 2048 1024 1024 1024 1024
23 PINHOLE 2048 2048 1024 1024 1024 1024
34 PINHOLE 2048 2048 1024 1024 1024 1024
21 PINHOLE 2048 2048 1024 1024 1024 1024
79 PINHOLE 2048 2048 1024 1024 1024 1024
20 PINHOLE 2048 2048 1024 1024 1024 1024
29 PINHOLE 2048 2048 1024 1024 1024 1024
107 PINHOLE 4000 2928 2617.1 2616.71 2000 1464
166 PINHOLE 4000 2962 2886.1 2886 2000 1481
39 PINHOLE 2048 2048 1024 1024 1024 1024
98 PINHOLE 4000 2965 3511.95 3511.38 2000 1482.5
105 PINHOLE 4000 2995 2251.35 2251.52 2000 1497.5
163 PINHOLE 4000 2995 5889.22 5889.3 2000 1497.5
36 PINHOLE 2048 2048 1024 1024 1024 1024
95 PINHOLE 4000 3002 3366.84 3366.34 2000 1501
103 PINHOLE 4000 3000 2293.96 2293.81 2000 1500
100 PINHOLE 4000 2966 2668.76 2668.43 2000 1483
94 PINHOLE 4000 2966 3091.42 3091.77 2000 1483
81 PINHOLE 4000 3001 3748.49 3749.04 2000 1500.5
140 PINHOLE 4000 2997 5695.69 5696.03 2000 1498.5
13 PINHOLE 2048 2048 1024 1024 1024 1024
